{
  "advancedEditorSelectedIdentifier" : "ProjectBrowser",
  "openSceneRelativePaths" : [
    "Earth.usda",
    "Pole.usda",
    "Shoes1.usda"
  ],
  "recentIdentifiers" : {
    "54AECA35-A8AD-4D33-9F48-FA986656BC3D" : [

    ],
    "B4C6A378-458F-4D94-ACEF-9F2262B83E88" : [

    ]
  },
  "sceneCameraHistory" : {
    "6AF421D5-F098-4D35-8830-F4BB228EF79A" : [
      {
        "date" : 735961679.397147,
        "title" : "Untitled",
        "transform" : [
          1,
          0,
          -0,
          0,
          -0,
          0.87738806,
          -0.47978157,
          0,
          0,
          0.47978157,
          0.87738806,
          0,
          5.9604634e-08,
          56.900402,
          98.5544,
          1
        ]
      }
    ],
    "54AECA35-A8AD-4D33-9F48-FA986656BC3D" : [
      {
        "date" : 735962717.321887,
        "title" : "Untitled",
        "transform" : [
          0.7373769,
          1.516083e-08,
          -0.67548156,
          0,
          -0.40091172,
          0.80481935,
          -0.43764785,
          0,
          0.54364055,
          0.5935199,
          0.59345526,
          0,
          0.419435,
          0.40836588,
          0.34357738,
          1
        ]
      },
      {
        "date" : 735962711.530931,
        "title" : "Untitled",
        "transform" : [
          0.7373769,
          1.516083e-08,
          -0.67548156,
          0,
          -0.40091172,
          0.80481935,
          -0.43764785,
          0,
          0.54364055,
          0.5935199,
          0.59345526,
          0,
          0.4790127,
          0.3609797,
          0.33639213,
          1
        ]
      },
      {
        "date" : 735962686.990165,
        "title" : "Untitled",
        "transform" : [
          0.5000178,
          2.9640503e-09,
          -0.86601514,
          0,
          -0.6196662,
          0.69857436,
          -0.35778147,
          0,
          0.60497594,
          0.7155375,
          0.3492997,
          0,
          0.28990817,
          0.30262893,
          0.07603996,
          1
        ]
      },
      {
        "date" : 735962678.415028,
        "title" : "Untitled",
        "transform" : [
          0.9464139,
          4.009351e-09,
          0.32295626,
          0,
          0.20456672,
          0.7738088,
          -0.5994767,
          0,
          -0.2499065,
          0.6334193,
          0.73234344,
          0,
          -0.02878286,
          0.26860604,
          0.32929537,
          1
        ]
      },
      {
        "date" : 735962528.581701,
        "title" : "Untitled",
        "transform" : [
          0.9879237,
          3.7201047e-09,
          0.15494122,
          0,
          0.11918755,
          0.6389556,
          -0.7599539,
          0,
          -0.09900065,
          0.7692436,
          0.6312394,
          0,
          0.037264496,
          0.32483277,
          0.2729618,
          1
        ]
      },
      {
        "date" : 735962470.805582,
        "title" : "Untitled",
        "transform" : [
          0.9879237,
          3.7201047e-09,
          0.15494122,
          0,
          0.11918755,
          0.6389556,
          -0.7599539,
          0,
          -0.09900065,
          0.7692436,
          0.6312394,
          0,
          0.0055663288,
          0.26162508,
          0.34501684,
          1
        ]
      },
      {
        "date" : 735962465.794429,
        "title" : "Untitled",
        "transform" : [
          0.9879237,
          3.7201047e-09,
          0.15494122,
          0,
          0.11918755,
          0.6389556,
          -0.7599539,
          0,
          -0.09900065,
          0.7692436,
          0.6312394,
          0,
          0.010772258,
          0.2985309,
          0.30085894,
          1
        ]
      },
      {
        "date" : 735962460.927757,
        "title" : "Untitled",
        "transform" : [
          0.9879237,
          3.7201047e-09,
          0.15494122,
          0,
          0.11918755,
          0.6389556,
          -0.7599539,
          0,
          -0.09900065,
          0.7692436,
          0.6312394,
          0,
          0.017368972,
          0.35316598,
          0.23531404,
          1
        ]
      },
      {
        "date" : 735962441.534649,
        "title" : "Untitled",
        "transform" : [
          0.9884601,
          1.6420423e-09,
          0.15148169,
          0,
          0.021978619,
          0.98941827,
          -0.14341652,
          0,
          -0.14987883,
          0.14509086,
          0.9780005,
          0,
          0.09105988,
          0.2037223,
          0.40877253,
          1
        ]
      },
      {
        "date" : 735962428.690484,
        "title" : "Untitled",
        "transform" : [
          0.9884601,
          1.6420423e-09,
          0.15148169,
          0,
          0.021978619,
          0.98941827,
          -0.14341652,
          0,
          -0.14987883,
          0.14509086,
          0.9780005,
          0,
          0.053746544,
          0.12999791,
          0.41399163,
          1
        ]
      }
    ],
    "B4C6A378-458F-4D94-ACEF-9F2262B83E88" : [
      {
        "date" : 735961679.117439,
        "title" : "Untitled",
        "transform" : [
          1,
          0,
          -0,
          0,
          -0,
          0.8660251,
          -0.50000054,
          0,
          0,
          0.50000054,
          0.8660251,
          0,
          5.5946406e-05,
          1.1261972,
          1.950147,
          1
        ]
      }
    ]
  },
  "selectedSceneRelativePath" : "Shoes1.usda"
}